At time 1695905130.800231671
- Translation: [0.000, 0.000, 0.000]
- Rotation: in Quaternion [0.000, 0.000, 0.997, -0.081]
- Rotation: in RPY (radian) [0.000, -0.000, -2.980]
- Rotation: in RPY (degree) [0.000, -0.000, -170.728]
- Matrix:
 -0.987  0.161  0.000  0.000
 -0.161 -0.987  0.000  0.000
  0.000  0.000  1.000  0.000
  0.000  0.000  0.000  1.000
At time 1695905131.807994201
- Translation: [-0.928, 0.000, 0.000]
- Rotation: in Quaternion [0.000, 0.000, 0.997, -0.081]
- Rotation: in RPY (radian) [0.000, -0.000, -2.980]
- Rotation: in RPY (degree) [0.000, -0.000, -170.728]
- Matrix:
 -0.987  0.161  0.000 -0.928
 -0.161 -0.987  0.000  0.000
  0.000  0.000  1.000  0.000
  0.000  0.000  0.000  1.000
At time 1695905132.799788376
- Translation: [-1.861, 0.681, 0.000]
- Rotation: in Quaternion [0.000, 0.000, -0.690, 0.723]
- Rotation: in RPY (radian) [0.000, 0.000, -1.524]
- Rotation: in RPY (degree) [0.000, 0.000, -87.316]
- Matrix:
  0.047  0.999  0.000 -1.861
 -0.999  0.047 -0.000  0.681
 -0.000  0.000  1.000  0.000
  0.000  0.000  0.000  1.000
At time 1695905133.808507805
- Translation: [-1.526, 1.305, 0.000]
- Rotation: in Quaternion [0.000, 0.000, -0.611, 0.791]
- Rotation: in RPY (radian) [0.000, 0.000, -1.316]
- Rotation: in RPY (degree) [0.000, 0.000, -75.393]
- Matrix:
  0.252  0.968  0.000 -1.526
 -0.968  0.252 -0.000  1.305
 -0.000  0.000  1.000  0.000
  0.000  0.000  0.000  1.000
At time 1695905134.799838226
- Translation: [-0.703, 1.713, 0.000]
- Rotation: in Quaternion [0.000, 0.000, -0.749, 0.663]
- Rotation: in RPY (radian) [0.000, 0.000, -1.692]
- Rotation: in RPY (degree) [0.000, 0.000, -96.961]
- Matrix:
 -0.121  0.993  0.000 -0.703
 -0.993 -0.121 -0.000  1.713
 -0.000  0.000  1.000  0.000
  0.000  0.000  0.000  1.000
At time 1695905135.807893034
- Translation: [-0.889, 1.781, 0.000]
- Rotation: in Quaternion [0.000, 0.000, -0.771, 0.637]
- Rotation: in RPY (radian) [0.000, 0.000, -1.761]
- Rotation: in RPY (degree) [0.000, 0.000, -100.902]
- Matrix:
 -0.189  0.982  0.000 -0.889
 -0.982 -0.189 -0.000  1.781
 -0.000  0.000  1.000  0.000
  0.000  0.000  0.000  1.000
At time 1695905136.799880804
- Translation: [-1.796, 1.142, 0.000]
- Rotation: in Quaternion [0.000, 0.000, -0.733, 0.680]
- Rotation: in RPY (radian) [0.000, 0.000, -1.647]
- Rotation: in RPY (degree) [0.000, 0.000, -94.340]
- Matrix:
 -0.076  0.997  0.000 -1.796
 -0.997 -0.076 -0.000  1.142
 -0.000  0.000  1.000  0.000
  0.000  0.000  0.000  1.000
At time 1695905137.808474021
- Translation: [-2.017, 1.784, 0.000]
- Rotation: in Quaternion [0.000, 0.000, -0.603, 0.798]
- Rotation: in RPY (radian) [0.000, 0.000, -1.293]
- Rotation: in RPY (degree) [0.000, 0.000, -74.109]
- Matrix:
  0.274  0.962  0.000 -2.017
 -0.962  0.274 -0.000  1.784
 -0.000  0.000  1.000  0.000
  0.000  0.000  0.000  1.000
At time 1695905138.800719786
- Translation: [-2.900, 0.994, 0.000]
- Rotation: in Quaternion [0.000, 0.000, -0.437, 0.899]
- Rotation: in RPY (radian) [0.000, 0.000, -0.905]
- Rotation: in RPY (degree) [0.000, 0.000, -51.860]
- Matrix:
  0.618  0.787  0.000 -2.900
 -0.787  0.618 -0.000  0.994
 -0.000  0.000  1.000  0.000
  0.000  0.000  0.000  1.000
At time 1695905139.807403521
- Translation: [-2.016, 1.532, 0.000]
- Rotation: in Quaternion [0.000, 0.000, -0.609, 0.793]
- Rotation: in RPY (radian) [0.000, 0.000, -1.309]
- Rotation: in RPY (degree) [0.000, 0.000, -75.001]
- Matrix:
  0.259  0.966  0.000 -2.016
 -0.966  0.259 -0.000  1.532
 -0.000  0.000  1.000  0.000
  0.000  0.000  0.000  1.000
At time 1695905140.799652777
- Translation: [-1.381, 1.813, 0.000]
- Rotation: in Quaternion [0.000, 0.000, -0.685, 0.729]
- Rotation: in RPY (radian) [0.000, 0.000, -1.509]
- Rotation: in RPY (degree) [0.000, 0.000, -86.468]
- Matrix:
  0.062  0.998  0.000 -1.381
 -0.998  0.062 -0.000  1.813
 -0.000  0.000  1.000  0.000
  0.000  0.000  0.000  1.000
At time 1695905141.807573063
- Translation: [-2.701, 0.985, 0.000]
- Rotation: in Quaternion [0.000, 0.000, -0.457, 0.890]
- Rotation: in RPY (radian) [0.000, 0.000, -0.948]
- Rotation: in RPY (degree) [0.000, 0.000, -54.335]
- Matrix:
  0.583  0.812  0.000 -2.701
 -0.812  0.583 -0.000  0.985
 -0.000  0.000  1.000  0.000
  0.000  0.000  0.000  1.000
At time 1695905142.800025002
- Translation: [-2.505, 1.200, 0.000]
- Rotation: in Quaternion [0.000, 0.000, -0.513, 0.858]
- Rotation: in RPY (radian) [0.000, 0.000, -1.077]
- Rotation: in RPY (degree) [0.000, 0.000, -61.728]
- Matrix:
  0.474  0.881  0.000 -2.505
 -0.881  0.474 -0.000  1.200
 -0.000  0.000  1.000  0.000
  0.000  0.000  0.000  1.000
At time 1695905143.808155162
- Translation: [-2.223, 1.354, 0.000]
- Rotation: in Quaternion [0.000, 0.000, -0.550, 0.835]
- Rotation: in RPY (radian) [0.000, 0.000, -1.165]
- Rotation: in RPY (degree) [0.000, 0.000, -66.775]
- Matrix:
  0.394  0.919  0.000 -2.223
 -0.919  0.394 -0.000  1.354
 -0.000  0.000  1.000  0.000
  0.000  0.000  0.000  1.000
At time 1695905144.799155508
- Translation: [-2.399, 0.346, 0.000]
- Rotation: in Quaternion [0.000, 0.000, -0.269, 0.963]
- Rotation: in RPY (radian) [0.000, 0.000, -0.544]
- Rotation: in RPY (degree) [0.000, 0.000, -31.185]
- Matrix:
  0.856  0.518  0.000 -2.399
 -0.518  0.856 -0.000  0.346
 -0.000  0.000  1.000  0.000
  0.000  0.000  0.000  1.000
